4.70912
3.66867
3.16399
3.80317
2.47659
6.05646
3.79751
3.87529
4.25652
2.75051
3.37062
3.92012
4.01151
4.16058
3.96446
4.56076
4.18094
6.48779
3.89107
4.7806
3.42287
5.05675
3.65835
4.29007
4.27487
2.00079
4.32896
3.98028
3.89
2.10238
2.27964
3.03927
10.6647
3.90102
2.70857
2.94743
4.16708
3.40033
3.49552
4.06608
3.46499
4.12604
5.62925
2.83774
3.62093
6.60666
4.23795
3.28587
2.83264
3.65035
5.03572
3.50622
6.70402
3.7454
5.48514
4.36617
4.22777
5.04435
3.10385
4.12277
4.13463
2.38236
4.86521
3.69317
4.18499
3.61065
1.7405
5.42271
3.67169
3.53586
4.47973
3.92105
3.09631
3.45758
4.28405
2.33865
3.33395
3.4188
4.60326
4.38616
2.77502
2.84187
4.4665
2.50633
3.45323
4.69093
2.11243
5.05213
2.25248
3.09651
3.79473
3.86218
2.93814
4.35773
3.56557
4.2832
2.25632
4.58944
2.97788
4.4103
9.21154
5.3912
2.90668
3.83671
5.17394
4.31434
5.20879
6.03762
3.82949
3.11624
3.19979
3.69388
2.31842
4.58758
4.92788
4.97249
4.49364
3.699
5.23476
5.90577
4.39971
3.30175
4.02355
3.80273
3.23043
3.28819
4.21952
4.33606
5.99571
2.90975
1.72721
4.67469
8.14108
5.59928
3.21725
4.7915
3.41622
7.19592
3.36756
3.71231
4.27431
4.2482
3.38822
2.79887
3.23921
3.4551
2.23248
3.08379
3.31649
3.1071
4.05144
5.14108
2.79539
3.61607
6.92388
3.67699
4.0565
4.29947
2.78794
1.79343
5.14752
9.93007
2.01478
2.48158
4.0205
3.97627
3.06223
2.89178
5.45246
3.29461
2.77185
4.43662
4.23033
3.83173
4.37354
3.30418
4.29562
5.01102
4.05483
1.84236
3.34105
3.417
2.73251
1.93842
3.79343
3.3967
2.75903
3.51893
3.63179
4.16412
3.87342
4.06957
3.57723
3.09181
3.12734
3.58607
3.75859
3.7284
3.11921
3.93063
3.72452
2.61252
2.48808
2.21123
3.67233
3.37307
4.09027
3.00887
3.57783
5.11561
2.98424
3.60139
2.95288
11.4667
5.6561
3.96927
3.58575
6.01029
3.62103
5.03381
3.39929
4.77052
5.3509
3.10793
2.97602
3.19546
2.49782
4.39986
3.70496
4.38823
4.53955
3.20974
3.30557
3.52843
3.75754
2.83571
3.69213
5.77429
2.59071
3.85388
4.08561
3.35577
4.44708
3.00004
4.43119
4.10647
4.01684
4.21955
3.19563
2.34031
3.23593
2.3476
2.7972
2.20825
3.25998
4.02051
3.9216
3.17186
4.93832
4.55962
3.58586
2.67474
4.89934
4.87379
2.89282
3.70943
3.29484
4.03512
4.31398
3.28705
4.14863
3.73756
2.39296
3.2777
3.57963
3.31094
2.32417
5.5471
3.67859
3.38483
5.00889
4.18941
5.80603
2.38039
2.94719
4.14836
3.44063
4.50267
2.98582
5.78501
3.8579
5.8952
3.18186
6.62542
3.88266
2.66967
4.85467
3.53706
4.83855
7.3402
4.07799
3.46502
4.48339
3.85412
2.9662
3.8874
4.61635
3.73571
3.85592
4.03649
4.16962
5.10563
4.41391
3.54211
4.33153
5.72622
3.03497
4.01651
3.15614
3.1376
2.62416
2.36805
3.65817
3.63919
3.45959
4.19289
5.1913
4.57643
2.80866
5.29805
3.45002
3.94839
4.54618
2.18645
4.93432
3.04024
5.58206
3.33245
3.78269
5.82957
3.68207
2.73945
2.91124
4.42086
3.04977
3.22942
3.04526
3.56777
3.06312
5.0731
3.04343
2.92861
2.69576
5.7795
4.5284
3.83663
4.64272
3.77184
3.45009
3.75476
4.10238
3.18151
2.65106
3.69612
4.29783
4.7401
2.11666
2.74407
4.61844
2.64384
4.07541
3.0708
8.04982
4.63396
4.09988
3.51354
4.3836
3.86526
4.7522
3.63112
4.04126
3.6442
2.63244
2.43985
3.06714
3.90034
2.93986
4.23343
4.10782
3.34295
4.94757
4.12378
3.16847
3.12362
5.56437
3.72284
3.52896
4.87825
7.29281
2.62863
5.10489
4.58253
3.0326
5.57819
3.89774
3.95433
3.1283
2.81974
3.65972
2.85927
4.28471
4.68184
4.30315
4.54944
3.04824
2.68182
4.43077
4.35627
4.08323
4.41732
3.64752
3.09305
4.80613
4.17568
5.4833
4.17515
3.41567
4.28808
3.10257
2.84363
3.97007
3.7988
4.9705
3.54969
3.54288
3.80755
2.71106
3.2646
3.63132
3.79974
2.2724
3.45743
5.34786
2.75898
5.06968
3.17342
3.46171
2.00415
4.31145
4.82732
5.45327
4.54897
3.79365
3.1562
2.59071
3.37702
3.86398
3.14359
2.6921
4.57834
3.24216
3.099
4.67995
3.71429
6.46161
4.66724
3.88871
2.80625
4.66423
2.61053
5.44007
3.86992
3.09325
2.2836
3.24154
3.10504
3.47657
4.09295
5.48925
3.43339
3.93422
4.20576
3.01561
3.61501
3.93655
3.13469
2.00384
4.58122
2.21231
3.9074
4.61928
4.5158
4.69166
3.50651
2.77777
4.20665
3.34116
2.90209
2.94039
4.30248
4.86072
3.2166
5.90807
2.34502
4.71027
6.10469
2.98411
2.93515
5.52763
2.2469
3.5489
3.18752
4.30395
4.23646
3.51208
2.97255
4.99634
2.75325
4.75737
3.67678
3.94579
3.08012
3.55085
3.96857
4.17904
7.01183
14.6601
7.22108
3.63139
4.75162
5.28038
4.11791
5.51885
5.20078
2.43301
3.61099
5.99354
3.69094
4.54805
3.58136
3.08114
4.55966
2.80304
4.2161
3.89865
4.61322
3.84979
4.44931
4.77383
4.80993
7.73132
4.85378
3.58482
3.06585
1.76305
3.92594
1.75958
3.73693
3.30772
4.03435
4.30266
6.28251
6.76477
3.8171
6.20569
3.14446
3.35151
3.74779
5.74011
5.61237
3.16936
3.77541
3.44187
6.02878
3.86466
3.23772
4.76617
3.93895
3.5349
6.57593
4.4666
4.6293
4.80272
3.89795
4.09441
3.60086
2.87267
3.49073
3.49102
4.81807
4.84468
7.57402
4.95907
4.70208
3.47702
2.71582
2.48703
3.03018
4.65253
4.54947
3.09118
3.70655
10.0497
3.0186
3.54575
2.35152
3.48543
3.42511
4.15043
4.16294
2.88503
4.31824
2.74576
4.51887
3.70363
5.41448
5.05863
4.14343
6.06157
6.25463
3.56831
4.84222
3.72198
3.31592
2.78185
4.72933
3.30073
3.94192
5.00491
3.34034
4.20367
4.33999
4.44605
3.63972
5.24882
3.59107
3.55134
5.42595
4.26079
2.66517
4.56902
3.58891
3.84479
5.15615
3.26044
6.80611
1.99079
2.73929
5.88009
3.93518
4.51442
3.93965
2.81389
3.83905
2.95216
7.01448
5.84099
3.18033
4.35125
3.41396
2.47438
2.86186
4.70742
4.66661
3.55668
2.96177
3.02672
2.91485
4.79693
3.42068
3.84733
5.26693
2.99857
4.52819
3.03852
2.07387
5.03761
2.01986
3.96137
4.98394
3.59006
3.25404
3.3947
3.02953
2.73157
3.9337
1.81079
5.37036
3.87944
3.70121
4.13105
2.40613
2.96366
4.56478
5.65887
3.15939
4.33111
3.97166
6.09755
3.28533
3.03764
3.54489
3.7237
4.20426
2.86867
2.27938
3.85824
3.3343
2.44073
2.71394
5.61071
3.74365
3.5265
3.19273
2.98888
4.19957
3.05494
3.9415
4.26322
3.07868
4.91863
4.22795
4.35683
4.22371
3.43162
4.6483
3.84455
3.6843
4.12604
3.46397
3.73662
3.82573
3.20467
2.85159
3.10027
3.89636
2.15545
3.66788
4.63459
3.88922
3.54594
3.87222
2.6239
3.08307
3.6413
4.73315
2.97394
3.05836
3.11479
4.17956
2.71293
2.11966
2.95775
8.37119
3.10576
1.61049
3.57251
2.98314
4.09088
3.68292
4.75749
4.45229
4.71576
3.04196
3.84667
3.62743
2.84664
4.14511
2.59556
4.00263
3.80481
2.56936
4.3509
8.40236
1.79128
3.73574
3.83442
3.52175
2.63159
4.17499
5.74537
3.04373
3.10723
3.97318
4.26453
4.47001
4.63316
4.56735
4.586
3.66333
3.87047
5.09798
2.10107
5.56253
3.89676
4.14948
3.64745
4.06411
6.05776
6.31025
4.05661
2.87037
2.35488
4.50347
4.6208
4.72492
4.08175
3.26053
4.0106
3.89627
5.77855
5.31575
3.03386
5.22654
2.08601
4.52874
3.49894
3.29535
2.26393
3.47087
3.66707
3.39576
2.64947
3.01131
3.90493
5.142
2.7498
3.57616
2.99076
3.14222
4.40605
3.19274
3.82773
6.73848
1.96297
4.23175
2.70912
14.3298
4.1426
4.49404
3.1845
3.10476
4.12077
4.36724
6.05989
2.95205
4.61863
3.11699
3.95735
2.81759
3.72131
7.34308
6.09533
2.58025
3.99994
5.60841
3.46334
3.36029
3.9597
6.23763
3.69346
4.6259
3.68396
2.56073
4.21227
2.84727
2.89412
3.70685
4.48442
4.30962
3.43469
4.42821
3.6846
7.87222
4.86711
4.43107
3.4907
2.72772
4.05318
4.05721
3.88924
5.40708
6.0138
4.5281
3.4783
3.05471
2.88358
3.24612
3.64799
2.89661
4.92203
4.30208
4.15049
3.18129
4.90711
5.66415
4.3611
5.05968
4.94442
6.61711
5.4122
3.9005
4.33836
2.99971
2.79827
3.19881
4.46006
6.10592
4.08405
2.6669
3.01984
4.57911
4.11702
4.61775
4.15768
4.7593
5.45557
3.5647
3.72222
2.69479
4.27095
3.60395
4.37429
3.178
3.5932
3.20249
2.68823
3.71118
5.34224
2.79411
5.65817
3.27247
7.11709
4.81841
6.47494
2.057
3.89242
4.20843
3.74542
3.86223
3.95262
6.05283
5.78594
3.84604
3.51467
4.17877
3.38064
4.11347
3.36964
2.25389
2.99018
3.67341
1.93166
3.31294
3.15678
2.59361
3.32211
3.26821
3.7771
2.74435
3.32667
4.87755
4.76655
4.99582
4.15517
3.59953
3.7131
5.04685
2.46927
3.38747
5.21935
6.50498
3.07413
2.19941
3.51905
3.968
2.55998
4.24876
3.89236
3.63021
3.92623
4.13138
5.35124
5.22933
3.24095
4.01157
3.08623
3.85857
3.6973
2.97586
2.72216
3.81637
3.98583
2.1163
4.48814
4.81315
4.00037
3.39642
6.20452
3.84392
6.04316
5.30586
3.59541
4.19771
4.0353
3.56871
3.76192
2.52314
4.42412
3.98824
4.0241
2.9513
3.49665
4.77455
3.21062
3.36023
3.22857
5.75899
4.17911
4.04154
4.2777
3.25557
6.48269
5.01805
3.96591
2.22021
2.3116
3.66725
3.42116
4.77349
2.81349
5.68069
3.93363
4.99653
4.47654
3.90748
6.66842
2.91459
4.45613
3.39201
4.64358
3.95407
3.6165
3.05624
3.94956
3.61809
2.95803
4.95128
5.82098
4.76671
3.82847
5.30509
4.56154
5.47219
3.40864
3.04299
4.28468
4.11504
3.71552
2.46986
3.69763
2.98175
4.10081
3.58891
3.80606
3.14485
3.56638
5.88544
6.34841
2.79732
3.91575
6.68773
2.83988
3.49919
4.77878
4.83881
4.25909
3.76887
3.95465
4.27157
4.17895
3.642
2.48227
2.81843
4.21301
4.97639
7.49089
3.92436
4.47576
4.89299
3.28388
3.26302
3.82241
2.96927
5.80849
4.40951
4.12155
3.39086
2.66713
5.52059
4.61397
5.05159
5.46873
3.21946
3.57664
5.42667
3.87031
5.68797
3.71376
3.38696
4.63838
3.79173
3.24372
2.51396
2.12315
4.36948
3.86789
3.44673
5.53367
3.29117
3.64721
3.93197
3.58925
3.11884
5.59334
2.93791
5.08286
3.8791
3.39965
4.88892
3.49031
4.73859
4.0721
3.98599
4.65753
2.94227
4.34952
3.49002
3.11831
2.95912
3.59917
4.61413
4.26115
3.15859
3.13629
4.1014
4.48487
2.23944
4.7715
3.33593
3.38903
2.61232
2.64467
4.68882
3.26758
3.39027
3.12668
2.05034
4.77719
3.10746
4.84664
3.51428
3.61324
2.11086
7.41994
4.76365
5.13041
4.02312
4.33571
2.42142
2.34451
3.80201
4.44576
4.85019
3.15976
4.63417
4.6184
4.60279
2.84757
3.95546
3.77982
2.79288
5.66208
4.19321
4.59002
3.78898
3.02016
2.09965
4.04235
4.7646
4.64834
3.40633
4.76735
4.20024
3.39251
2.79301
3.93426
4.69709
3.14856
6.51304
3.4577
4.81791
3.47604
3.08281
6.69566
4.02523
4.01731
7.01493
5.45417
2.84318
3.61881
3.73661
2.59684
6.46931
4.82341
2.56765
2.59617
3.03267
5.13242
3.13302
3.58059
1.88719
2.32808
4.58766
2.30772
5.2766
9.87912
6.31028
5.42679
4.24525
4.66261
3.89915
5.82644
5.55803
3.58535
6.99969
4.0801
2.95572
4.34849
3.82904
4.24666
4.17279
4.18335
3.10519
4.69027
4.28588
2.83444
4.92343
3.286
2.39884
3.34703
5.03663
2.85513
3.54963
2.31658
4.45647
2.89499
2.39786
4.87003
5.10563
3.39691
7.69069
3.92733
5.71874
3.77034
2.86971
2.74423
2.67548
3.4018
4.15886
4.88197
3.75178
3.63868
4.41234
3.03578
3.74543
3.30739
3.76705
4.12136
4.76025
3.96832
3.8141
3.71672
2.61442
5.44052
6.36059
2.55193
4.67273
4.97468
4.2537
3.91138
3.98623
4.19381
3.0181
3.13432
3.41803
5.05718
3.46503
4.48424
2.03177
2.77044
4.11992
5.69497
3.93062
2.725
4.60596
2.4079
3.81022
3.17812
5.00643
2.83655
3.13907
5.04665
4.00262
3.19318
3.01044
5.49427
2.49239
3.90885
4.0028
3.11372
4.10661
2.93454
2.53124
2.95197
3.55523
3.49918
2.95387
4.63063
4.34393
3.51328
2.34275
5.06947
5.12091
4.34487
3.48514
1.64003
3.82857
4.17246
3.57206
3.18717
3.15397
3.86753
4.56712
4.56061
6.37108
2.41214
2.76208
3.41608
3.48043
3.5534
2.78443
2.27178
7.42892
2.69817
2.72654
4.55086
3.60064
2.68791
4.53746
5.11876
5.67944
4.34611
3.35773
4.25502
4.18842
4.73793
4.35613
2.67505
5.69161
3.09948
4.70006
2.12607
4.9011
2.91656
4.97962
5.3821
3.90537
2.87259
3.69206
3.52
3.75521
3.37717
2.94978
3.44711
4.03991
3.05798
5.58869
4.01096
1.81362
3.69481
3.46469
4.09446
3.54259
2.82946
2.78637
3.72669
3.42518
2.20208
2.91889
3.82114
3.9682
3.84844
2.91631
2.71823
2.74513
2.52179
4.91683
5.58619
3.08739
4.61174
4.33983
4.33059
3.08778
2.97694
3.33457
3.73208
4.74012
3.33888
4.27972
3.00314
2.62578
1.7945
2.78861
2.38687
3.48121
3.15759
5.43958
2.52542
4.01729
3.62468
8.99632
3.83918
8.23121
2.8148
3.63056
4.65819
2.6075
3.99108
9.31334
3.32355
3.56679
4.31719
3.31119
3.37522
3.37666
4.31988
2.91425
2.43622
3.52696
7.85855
4.68744
3.81195
2.66628
4.2456
2.3743
3.30438
2.63545
3.46526
2.46722
3.89557
2.25261
3.49588
4.75295
6.41678
4.4252
2.48771
4.51147
3.16001
3.03692
3.02572
3.20472
4.59077
3.27435
3.59282
3.83665
4.3422
3.51288
4.83467
3.77921
3.24936
3.20011
4.96185
4.43352
3.62913
4.12031
4.11692
7.83737
2.89232
3.8955
6.49802
3.18088
5.85204
4.6942
6.22182
5.81319
4.1954
4.38434
3.45553
4.28893
2.04869
3.39438
2.99733
3.71445
3.55307
4.47629
6.3972
3.5302
2.96231
4.01019
2.49328
4.40977
2.75963
4.46942
3.04924
5.27667
2.68042
3.87301
4.21547
5.86657
3.40539
3.06077
2.79468
2.87037
5.09237
3.16302
3.44789
2.97463
2.17369
2.99972
5.84561
4.3277
3.60789
5.47238
8.80138
3.08378
7.83093
4.18054
2.40942
3.83955
4.27624
2.97434
3.55473
2.98609
4.85781
3.81915
4.0821
3.63064
4.16282
6.1479
2.82847
2.614
3.35123
3.30293
4.83238
2.93373
3.37575
3.92948
3.11551
4.76425
4.63716
4.98094
3.64191
3.72513
3.7749
3.59004
3.42047
4.67077
4.16395
3.75884
3.54153
3.60603
3.82646
4.59899
3.83748
3.5374
3.06149
3.39371
2.18646
3.32924
4.75962
5.14577
7.16198
8.90318
3.88502
3.24839
3.40669
4.00187
4.0317
4.84658
6.16448
2.77789
4.14419
9.6745
2.8149
6.8844
2.71526
4.18588
3.57642
3.48517
5.30433
3.41746
3.00384
4.66678
4.08705
3.48641
3.40707
5.49967
4.29813
2.84672
13.3558
4.37912
3.09444
4.78216
4.83428
4.49569
8.43658
5.20557
3.69416
4.55294
2.94367
3.85936
5.10718
3.39669
4.24253
2.69675
6.02745
5.91066
4.0077
4.35957
4.17349
3.20259
2.20923
2.64044
3.55241
3.72142
1.70585
2.52991
4.35395
2.94501
3.88256
4.1433
4.31408
4.3767
3.91479
2.92568
3.92399
2.85666
3.69573
1.92429
4.33634
2.67707
2.27273
2.07614
7.60595
3.47197
3.14788
2.75358
3.79385
5.29144
2.6912
4.34974
2.56703
3.53728
3.56588
4.63792
6.77022
4.1417
5.3425
4.66867
3.50388
3.42185
3.40686
3.28428
4.45453
4.71776
3.84343
4.82765
3.83126
4.80577
4.05322
4.23303
4.54349
4.08434
2.93905
3.84979
4.61653
3.45605
3.24386
1.61323
4.3512
3.94712
3.1469
4.31394
3.10991
2.60037
3.59787
3.05119
4.29002
3.73527
4.60162
5.87922
5.13305
5.1519
3.49936
3.67925
3.66884
4.40366
4.03716
3.23215
2.65058
5.06945
2.61262
5.35446
3.15492
2.35876
3.93229
3.61955
2.41716
2.19992
2.4818
3.5352
3.40256
4.45208
4.11709
3.41018
6.76765
3.65151
4.01814
4.35278
2.91035
5.21082
4.83195
4.06669
2.80837
4.57781
2.52722
3.01485
2.49144
4.1213
5.88999
2.81944
4.24647
3.44549
1.95595
3.5715
3.24252
3.17438
4.16546
3.14162
3.57287
13.433
4.1372
3.83303
3.90247
3.84422
4.13588
2.85446
3.50217
2.5015
2.71147
2.67603
4.09153
4.43988
3.73492
5.00733
3.77108
2.85466
3.19958
3.54966
5.26073
3.63554
2.25764
3.51558
3.35606
4.64609
4.75563
3.38957
3.17868
3.40179
3.78521
3.31334
4.96076
4.54419
4.24482
4.2602
3.39518
3.56068
4.26245
2.89778
5.26053
2.67829
5.14045
5.23961
2.60397
2.99185
4.10204
1.9287
3.505
5.12866
1.59015
3.07376
3.64946
3.98351
2.80969
2.53102
3.61366
3.43645
3.89798
3.78788
2.6586
3.66721
7.64067
3.57148
3.39661
4.63538
3.36329
3.76472
2.52633
4.12604
3.31433
3.32762
4.67771
3.44591
4.14487
3.01831
2.11353
3.33967
3.34607
2.93869
3.27135
2.51978
4.61659
3.32341
3.54493
3.8177
4.86164
3.60853
3.82341
3.55701
4.72115
5.90878
3.37405
6.92564
2.00806
3.54432
5.29371
2.24751
3.27005
3.24515
3.31449
4.05963
4.61926
10.3372
2.40492
3.23771
4.40748
5.08092
4.24108
3.46899
5.9134
4.39301
5.26456
3.73925
4.3156
2.4535
3.11918
2.6081
4.14805
4.32328
3.00567
3.07721
3.89245
3.95421
3.99699
2.85839
5.2664
9.67136
5.05868
4.80793
5.92562
2.49788
2.71163
5.2887
4.38843
4.19587
3.57148
3.8919
9.93089
3.97549
6.77525
3.44208
5.2514
6.7781
4.0444
3.85849
3.79564
4.30131
3.54864
3.94359
3.84809
3.64042
4.83929
2.63563
3.82633
3.60784
3.82612
3.35729
5.58477
3.03233
3.22782
3.37953
2.80857
5.59935
3.2319
6.0267
2.55014
3.97772
3.94677
4.48843
4.32647
3.28502
4.62838
4.4011
3.58543
3.76206
4.61966
3.79684
3.87103
3.67605
3.17724
4.97044
2.21012
3.17132
2.13911
4.19124
4.44009
5.04978
5.23965
3.2707
2.88721
4.60566
3.62225
2.60212
3.2427
4.89196
2.125
4.68622
2.80594
4.72446
2.90156
7.09229
3.37462
3.13002
4.04298
3.78303
2.49023
3.32135
4.05036
2.17237
2.98105
3.74662
3.5601
4.07574
5.54056
2.46657
3.45729
4.96021
3.34091
3.11838
3.11512
5.54617
3.58025
5.28386
3.12851
5.41401
6.88084
3.40275
3.92824
10.0112
3.21489
7.30112
2.99908
3.99415
3.87768
3.51043
3.705
3.30308
3.04535
2.95129
3.32335
4.78807
3.99928
4.00561
4.96784
2.494
3.94332
3.23974
4.28792
3.45144
4.7262
4.18954
3.44004
4.52964
3.80106
3.00494
3.04235
11.109
3.91351
5.25533
4.03133
3.40428
3.76744
2.10855
3.66035
6.41521
3.36442
3.26467
3.61142
5.06585
3.98107
2.34662
2.96194
4.79507
4.90549
3.92396
4.14595
4.96777
5.21036
5.03235
4.29385
2.00407
4.32722
4.03217
3.87036
6.79725
3.23944
3.14825
3.24587
3.61922
5.54501
3.62512
2.5358
4.43109
2.91442
3.75105
4.24012
3.10552
3.69415
6.53804
2.27992
3.88024
3.12375
3.21708
4.51221
4.64039
3.21744
2.85018
3.52933
3.77638
3.81331
3.10135
2.23008
4.12103
4.9337
2.96557
5.38633
3.29185
4.20015
4.77553
4.30437
2.71205
3.77676
3.45082
2.15369
4.04939
4.32387
2.72569
2.96031
3.53987
4.18392
3.57235
4.58043
4.52926
2.46898
3.90549
4.28504
3.20852
4.88455
2.6042
4.24475
4.34108
4.09056
4.11543
2.71612
5.02917
2.69398
6.20258
4.37961
3.76131
3.80825
3.04271
3.67308
2.28076
3.24487
4.39355
2.72261
5.1037
3.57301
3.16818
3.18485
3.73593
3.61792
5.40439
5.27085
4.61675
3.78891
5.83083
5.15348
3.59058
3.65003
4.32115
2.25472
5.02896
3.42376
5.24157
4.40347
4.40763
3.35893
4.07871
3.57546
3.89411
5.13834
4.25241
3.00394
3.49744
5.20231
3.4645
4.13619
4.35475
3.24472
3.31386
3.40115
4.01994
4.15382
4.89018
4.01174
4.38294
2.85626
5.02549
5.69151
3.42841
6.05054
3.10327
3.84878
4.71314
3.99211
4.15702
5.37933
4.20107
3.21029
2.85084
3.09235
2.59542
3.21914
4.99111
3.1088
2.54231
4.32212
5.42149
3.63893
5.24746
3.75747
7.06976
3.05445
3.72946
3.49618
3.54722
3.0846
3.33293
1.89126
4.94858
5.17319
3.76615
2.94486
5.60109
4.42595
3.83228
2.93021
3.62006
3.92731
5.97298
4.65129
2.58901
2.86102
3.24472
3.11276
4.66124
5.55332
3.49362
4.87607
4.10941
2.19053
4.28914
4.39734
2.93596
3.67496
4.63349
4.12878
3.36952
3.73768
6.37348
4.12467
3.48093
3.96899
3.90783
4.47244
3.01313
5.00351
3.09239
5.27262
3.89921
3.22889
4.95047
4.23576
4.31075
5.63462
4.14255
3.68945
4.16379
4.51075
3.6015
3.77434
2.01626
3.92101
3.89021
3.71433
4.85279
3.50505
1.66432
2.94274
2.8546
2.86113
5.28017
4.30437
4.14939
4.22364
3.78047
2.96538
4.82143
5.28326
2.94448
4.85679
3.08369
3.40335
3.26483
6.43556
3.23681
2.73575
1.79816
2.62516
5.01413
4.27363
7.07984
3.16018
7.76464
5.86492
3.65681
2.03126
5.45904
4.1378
4.84137
4.00071
3.88351
3.92653
7.9686
3.52053
5.84374
5.61001
4.75033
3.81205
3.31386
2.05219
4.62239
4.69225
3.6576
3.56775
2.016
2.80045
2.23087
2.53403
5.83485
3.35491
3.1476
4.06083
3.9165
3.09323
5.33913
4.61705
4.05779
3.09598
6.78489
5.42678
3.43728
5.45817
3.12586
4.96818
4.93399
6.36709
5.01555
3.61776
3.13023
2.79096
4.51226
3.43182
3.3739
3.82983
2.21785
5.76383
2.99755
2.68643
3.76607
4.13463
9.5041
10.6574
4.30307
4.33576
2.26459
4.90886
4.44856
3.30733
3.81601
5.81501
4.15735
4.11989
6.69848
3.27249
4.42599
2.66141
6.87983
3.74625
2.024
3.82045
5.47711
3.51243
4.54366
3.54163
3.66143
3.3286
5.64731
7.21648
3.99208
12.6216
5.35848
5.19866
4.46605
5.21506
6.48968
4.97175
2.02015
3.71928
2.85666
3.52687
2.73611
5.34112
3.05437
3.69677
3.56983
3.63537
3.09816
1.91699
3.49958
3.53491
6.30376
3.16817
2.60787
2.74502
2.8898
3.72626
3.43533
2.79912
3.40002
3.17594
4.37052
4.0033
3.63599
3.26681
2.93052
3.29705
4.52302
4.60991
4.47517
4.98184
4.16846
3.32704
2.64239
1.54224
3.55087
2.58573
2.78282
5.45815
3.36187
3.56162
6.74937
3.7144
3.52329
6.41028
2.87093
2.18187
4.43101
4.22272
3.01915
4.45379
3.39629
2.93929
3.30286
4.00194
4.08592
2.6736
2.33128
2.88894
8.5946
2.87063
3.42549
4.11632
4.75418
5.53267
2.83588
3.08745
6.6768
2.90585
3.97882
3.82033
6.58555
4.60889
2.7373
5.81085
2.84323
10.7518
3.81861
3.72085
5.71642
1.8881
3.10065
2.67255
4.0762
1.69609
4.60017
3.74082
5.09481
2.9049
2.29145
2.84021
3.47587
5.22084
3.34755
4.00556
3.35744
2.13694
3.73283
3.98447
3.19527
4.58198
6.00914
4.28845
2.18419
4.76317
2.76513
3.69781
4.82934
5.4059
3.74363
5.90583
3.91714
3.42185
2.74965
6.18117
3.68046
4.14746
4.22835
3.84322
3.00451
2.69475
3.3678
3.0268
3.66452
4.37143
4.39809
8.161
3.28899
3.4733
3.99735
4.98561
4.78319
3.0155
3.36388
2.97664
3.53714
3.40213
2.52534
4.95823
3.06459
2.34644
3.28941
3.5988
3.0553
3.83941
3.21429
4.18766
3.56667
3.66322
5.72256
3.43473
4.17131
4.19988
4.63276
4.54643
6.30012
6.22487
3.82006
3.81244
4.03772
2.63677
4.24979
3.60853
4.22202
3.67522
2.1991
3.92608
4.58166
5.05879
3.84248
5.68379
4.66416
2.87504
3.63163
4.0888
4.70594
4.8661
3.09226
5.39914
4.65151
3.73768
3.92074
3.46526
4.21094
3.00714
3.38181
3.94647
8.05649
3.83458
4.10847
3.96483
3.61564
3.26753
3.98609
3.30855
3.89379
3.18887
9.07294
4.07082
3.65714
4.66472
3.68021
4.57369
2.77278
3.77885
3.52429
4.77672
3.38734
2.89354
3.26405
3.78036
3.33123
3.12362
2.97549
4.09192
3.24202
4.72184
5.02916
5.06643
3.99985
2.29158
3.25032
3.66959
3.08052
3.4346
2.55305
5.466
3.08363
4.53958
3.27657
3.29838
3.41325
3.02197
2.15818
3.29798
5.22963
5.04755
3.23072
4.49185
6.46291
4.21625
1.84475
2.81072
2.06703
2.40214
2.68159
4.00928
4.96933
3.88666
4.48216
7.15068
3.46811
4.0599
3.53971
3.7647
3.21943
3.35658
2.76715
4.44062
3.12581
1.87689
2.27109
6.93535
2.962
2.23661
2.89954
2.80305
3.61486
4.23791
4.18109
3.53657
4.61976
3.3839
3.88673
3.67183
3.66852
4.19264
4.38922
3.17503
5.56328
3.53368
2.78758
4.81222
3.08513
5.55706
4.70676
4.2018
2.90751
3.65396
4.26482
3.59809
3.55971
3.47639
2.67546
5.04062
3.66492
3.28663
3.20333
3.17749
2.58939
3.38829
2.38123
4.56983
4.13722
3.78703
2.72041
2.66783
3.76075
3.74301
3.47066
4.4639
5.79366
4.96608
4.49377
4.62979
2.73847
4.71208
2.44859
2.80418
6.90661
3.13061
4.90281
3.78185
2.71135
4.03972
3.03686
5.70384
2.0617
1.88106
3.26272
4.0151
2.42306
3.25327
5.07065
4.26482
4.70268
5.28281
3.27387
3.96073
2.19635
4.2396
3.25768
4.71037
4.15105
3.68261
3.82644
3.91992
5.18186
3.77033
3.96689
2.04185
4.11498
3.45196
2.24464
4.97021
4.1969
2.71635
3.34682
5.35116
3.50073
3.2335
4.58638
4.69256
2.5095
5.54533
6.353
4.433
4.84795
5.07799
2.78243
5.56029
5.0198
4.06077
3.29015
4.37706
3.24427
3.01024
3.50867
3.61824
4.19615
3.51347
3.29752
3.45887
3.2188
3.43675
4.41998
4.05008
5.39654
4.39323
3.80289
2.77902
3.35285
2.96847
3.3055
4.3796
6.38123
3.41692
4.41987
5.70973
4.94946
4.6692
3.3571
4.44778
6.95584
2.63577
3.08186
3.76478
6.10746
3.82087
4.27173
3.83472
6.17646
2.92958
4.20533
3.58049
3.53365
4.61644
3.10004
3.0458
2.46911
4.7284
2.94944
2.96451
4.77886
2.8964
3.1659
4.70318
2.48578
3.23373
2.52833
2.87348
3.59684
3.36025
4.6363
2.55091
4.7556
3.42169
2.65585
3.31433
3.56825
4.22483
4.17525
4.62295
4.34127
4.66304
4.05781
4.3133
4.65329
3.56971
5.57664
3.58472
2.44298
4.50338
4.40534
3.88866
3.93589
3.12427
3.25287
7.24726
5.74435
3.61032
3.37577
4.16733
4.21862
2.82772
2.78555
3.95392
2.97491
2.45543
4.17888
3.78618
3.52105
3.56594
3.35371
2.88317
3.75154
4.08665
6.17189
3.8102
4.30104
4.08996
3.99033
4.58429
2.00652
5.31959
4.03664
3.8436
3.27141
4.77086
3.81072
4.38747
3.37135
2.90061
2.75649
3.83176
4.41478
5.87775
4.33604
3.11043
7.34991
3.34487
3.81372
2.32223
3.91838
3.49166
2.54605
3.65105
2.56569
2.09935
3.34696
4.13835
3.62056
3.92961
2.84744
3.68753
4.53883
4.93312
4.60962
4.41539
8.07175
2.74681
3.78049
3.71879
2.50576
4.3058
3.02657
4.138
3.28238
2.59367
4.8838
3.51755
4.76523
3.20814
6.18211
3.70615
3.6218
4.46166
4.5764
3.31695
2.29276
3.54451
4.47511
3.5268
3.14082
3.2211
3.31328
5.72568
4.41508
6.77823
1.73474
2.23612
3.42139
4.75164
4.49374
3.23729
4.75179
4.01315
3.38021
4.01815
3.94261
3.16339
3.83556
2.24227
7.166
3.47157
4.81099
2.83597
3.86903
4.59394
2.69784
4.49931
4.07313
4.80203
5.47061
4.12034
3.707
4.75919
3.23601
4.13654
4.26945
3.75086
2.85194
4.70582
5.31917
6.08811
3.20317
2.79555
4.83113
3.96399
2.90165
5.50918
3.55955
4.10738
3.25604
4.55894
3.8673
4.42274
6.40005
3.84797
3.69257
3.15268
7.55009
4.79798
4.21012
3.63107
4.06535
3.42991
5.10652
3.69601
2.33474
3.45433
3.53979
2.61712
2.90829
2.61365
3.5776
8.58649
4.85242
4.61279
2.70046
5.06655
2.4268
5.26083
4.2684
3.86752
3.27428
5.15831
3.59975
3.58518
3.62998
4.0255
7.6221
4.5626
4.94934
7.48403
3.34298
2.74207
1.72532
3.18368
4.09347
3.08536
6.62339
3.3287
2.93035
4.55603
3.19554
3.17482
3.47043
3.0703
3.6522
2.44976
7.23748
3.16723
3.28341
4.73957
4.32144
3.06931
4.32485
4.25379
3.36857
2.58914
2.45529
5.4792
2.56397
3.47422
2.76712
4.23421
4.34512
3.55164
3.29317
4.52377
2.2052
3.56079
8.24513
4.80051
3.21906
3.37361
4.84638
2.77431
4.79065
1.67155
2.93488
3.8066
4.3599
2.83921
2.86197
3.42917
4.47499
3.91823
1.88901
2.85317
5.0626
4.6298
3.80965
4.14477
3.70627
3.32071
3.27035
3.32105
3.88214
2.69885
4.04068
2.36563
2.27237
3.01156
3.09076
3.85874
4.17099
4.76224
4.14468
4.3293
3.40062
4.38245
3.31968
3.62716
3.80952
4.13587
5.93761
2.63117
4.79122
5.6635
3.56989
3.88928
3.66185
5.07145
3.2855
4.28121
3.24068
2.65444
3.53166
1.68619
4.47271
3.05356
5.06104
5.23733
3.7652
4.45529
5.77761
2.73929
4.56616
3.35712
2.91419
4.22836
5.99555
4.58313
3.30029
5.14396
2.93438
2.82377
3.81374
6.10652
4.11273
3.32716
5.1792
5.08696
4.32284
3.20861
3.54194
3.85995
4.50844
4.35628
4.11902
3.38026
4.32357
3.09676
3.66431
3.3315
3.66125
3.88586
4.01611
6.21198
6.56124
4.54883
2.63231
4.71249
4.58298
5.61568
5.26035
4.21613
3.88095
3.73264
3.78512
3.581
4.26118
3.883
2.38454
5.28683
3.43573
2.96043
3.59626
6.14021
5.09621
3.61074
3.12503
4.36801
2.91508
5.39095
3.00221
5.70198
4.41802
4.13427
3.431
2.47427
2.87014
3.76746
4.00593
3.60935
7.08931
6.6517
2.2836
2.803
5.18343
4.93656
5.48104
3.96632
3.15309
4.39278
4.14292
4.14761
3.18932
3.4884
3.64108
4.78247
3.76737
5.43175
3.73601
3.44549
2.82165
3.32981
3.18803
2.36094
3.87683
3.02623
4.24339
2.94664
6.17937
4.96297
3.8437
7.47503
3.43321
2.81901
4.54033
4.48645
3.86937
5.18747
3.77445
2.99209
4.72943
4.2094
3.6511
4.0459
2.85518
6.25489
3.32056
8.55933
4.70708
1.46192
3.3353
3.57078
2.87847
4.04172
4.59105
2.55573
3.57009
3.40726
3.11684
3.87734
3.31268
3.76833
5.1208
4.83803
3.05456
3.9574
6.69677
3.74032
6.36266
3.57679
1.85008
4.71165
3.22818
2.80627
2.81299
2.92602
3.29842
2.86913
2.9867
3.79985
3.64027
3.62894
4.59061
4.92509
4.2482
3.3207
2.75201
4.67299
4.86008
4.31754
2.23784
3.98121
2.29681
4.19084
4.94093
4.14962
4.18899
4.80417
3.92344
3.41954
2.6893
2.10878
2.40982
3.97558
3.62977
3.91217
6.1273
2.96117
2.60777
4.30331
2.40492
2.71
4.73495
3.96886
4.79209
3.54565
6.36868
10.3992
3.65746
3.68681
3.70027
3.60492
2.77058
5.62481
4.50245
3.38814
3.48066
4.85817
2.2221
4.29176
2.66108
1.98721
5.559
3.43147
3.13475
4.90986
5.49627
4.06379
4.40399
4.72693
4.23741
4.44138
3.53257
3.08286
4.71568
4.06719
4.47989
3.56387
3.36667
4.07429
2.68562
3.08634
2.45182
6.36435
4.21965
3.70756
2.23779
4.78335
3.55245
2.83885
5.24131
4.45186
4.73476
4.3358
4.42277
4.24811
2.29847
6.87021
3.80142
2.99155
2.88051
3.77481
5.37547
2.83484
1.67628
3.89431
3.71341
2.69975
7.11897
2.48375
3.62023
5.03777
5.64969
7.44303
4.29401
2.49853
3.03929
6.48148
3.91283
2.36607
2.5792
4.71911
2.63415
3.30281
4.07916
3.84134
4.52521
4.26466
3.92676
2.81325
5.07063
3.2355
3.49087
3.50563
3.46599
2.84798
3.586
5.07217
4.25707
3.74535
4.39986
4.82808
4.05018
4.08625
4.27115
2.22454
4.16083
3.65349
5.41702
2.48255
3.38453
2.47828
3.48842
5.19268
4.03897
9.2393
2.97975
8.89772
3.78989
4.44478
3.00807
4.16433
3.49662
2.85321
2.6589
5.46834
2.70984
3.27424
3.11899
3.77982
3.80254
4.51756
3.67858
4.08946
4.26525
3.38834
2.13774
4.02541
7.34196
3.73386
2.34102
4.55062
3.1191
2.7959
2.79785
4.65667
4.92146
3.73568
3.53567
3.61157
3.28266
3.85461
4.54776
3.05742
3.68677
3.64421
3.96781
2.47811
3.76633
4.75695
2.87946
4.28588
4.41742
3.99998
3.06683
3.69431
3.10709
4.79989
4.12888
5.90942
3.32897
3.48722
3.85563
3.10076
3.43556
2.45418
2.89775
3.39246
4.21324
2.91632
3.97444
4.32994
5.15869
3.39797
3.92937
4.33559
3.25854
4.45066
5.89661
4.33205
4.44105
3.81309
5.97527
5.57114
4.58606
5.58294
3.39818
5.46878
4.13797
4.06046
3.6886
3.11107
2.87732
4.00861
6.04517
2.73016
3.58389
4.13926
6.27002
3.25941
5.33697
2.88761
4.12053
4.7475
3.43003
2.77345
3.06257
4.59085
2.44915
4.84687
4.94679
2.12856
3.35368
2.49043
2.95246
4.0867
3.69441
3.79493
4.93194
3.56211
3.68544
3.28937
4.76017
4.7826
5.58636
2.82517
2.82829
4.16868
3.83742
2.78629
2.70344
1.86063
5.80728
4.12781
3.04408
3.73949
2.9289
5.31688
3.89578
3.58038
5.60685
3.51987
3.68172
3.87533
3.05683
4.41497
4.17507
3.28725
5.31814
4.36385
4.5424
4.89115
2.9108
3.15849
3.31914
4.15259
3.89944
5.94031
3.96819
2.8305
5.44867
3.89209
3.21454
5.19874
3.41646
4.90897
3.79607
3.3866
3.46175
3.19607
6.86524
3.66567
7.38704
3.84513
3.17069
4.5819
3.79711
5.02411
4.8297
3.16311
5.76304
5.20067
3.44722
2.72481
3.83928
3.99737
4.68963
6.65326
4.76981
3.40234
3.15747
3.69119
3.95422
4.27875
3.62107
4.07625
3.07215
3.38851
4.68748
4.68177
2.88068
3.56493
2.20557
4.27617
2.92745
2.70135
4.00271
3.52579
3.87968
2.32214
3.47705
3.66418
5.40714
4.7085
2.90013
2.2836
3.49384
5.1769
3.21057
5.92378
3.54109
2.68634
3.66799
4.88145
2.55471
4.30876
3.09083
3.44259
3.71265
3.6702
3.59556
4.12255
3.09458
3.19499
4.62903
6.37488
4.54109
4.15451
4.29393
3.55294
2.20893
4.61526
3.84715
3.76787
3.65795
3.43787
3.75162
5.1318
3.26461
5.52194
2.82331
5.43244
3.92634
3.30457
4.18561
1.65487
4.55469
4.91725
2.30489
4.53422
3.68816
2.88163
3.84993
3.36675
2.39847
16.767
4.13213
3.59541
2.8033
2.52993
1.91765
5.38321
4.6738
4.61039
3.86906
3.32406
5.02618
3.80338
5.6023
5.95657
4.30428
3.87689
2.9243
3.01089
3.05033
5.14038
4.3811
1.83565
5.36991
3.37826
2.75698
3.55902
4.60149
2.15218
2.54763
4.19396
2.41295
3.63801
3.0685
2.42705
3.25082
3.41057
5.49001
2.95274
9.62945
5.19636
5.2256
4.20338
3.13566
3.14709
5.7357
2.88966
3.53039
3.24128
4.90541
4.05111
3.79137
2.70475
4.31964
3.14233
3.09092
3.63413
4.9512
3.45248
5.24124
4.11919
5.19835
6.90005
3.40344
2.24034
4.73259
2.93229
3.96394
4.38837
6.26739
3.18407
4.54886
3.49172
3.76906
4.39033
3.37219
3.17143
2.58704
4.19699
3.81602
2.66277
4.43339
3.53814
3.48256
6.28826
4.25057
7.60403
2.94257
3.80495
3.88427
3.69258
3.52403
3.88443
4.2134
4.75828
4.18132
3.5659
4.56825
4.76684
2.59588
4.23533
3.74202
3.90176
4.66812
3.34915
2.71964
2.90032
4.88211
2.8276
2.31851
4.21616
3.60618
2.7221
3.56647
3.88103
3.61509
2.89172
6.06024
5.35083
2.57525
4.75454
3.05068
3.79849
3.92549
4.79456
2.76932
3.08847
5.0188
2.5386
2.62137
3.46874
3.08528
4.30657
3.79187
3.49644
4.83561
4.60308
3.7422
3.45984
4.59144
5.2312
2.5545
2.97989
4.02919
3.33709
3.57859
2.91195
4.56532
3.2038
4.33454
2.81583
3.20491
3.96624
4.69102
2.55409
3.33489
2.98694
3.87021
5.23117
8.13901
7.30866
2.45369
6.57062
2.37226
4.65527
4.85683
3.89242
4.26368
3.78378
4.98415
4.04787
3.66232
3.07236
4.15109
2.98851
4.00647
4.90711
3.48974
2.67243
3.23965
4.19712
4.16041
3.14629
2.06386
3.27187
4.66369
4.14224
5.59344
3.24924
5.29415
3.08863
5.05922
3.2335
3.84165
3.13037
3.44018
2.03936
3.21436
3.7716
2.41122
2.9842
7.41637
3.08619
2.88689
3.08752
5.76686
3.97073
4.55728
2.25031
4.5197
5.12335
3.15828
2.903
4.77207
3.55022
3.6431
4.94885
3.79199
2.60216
6.3216
3.05493
5.69536
4.15452
3.02782
3.3588
